   1         1423     243     306     564     104    1065
   1         1320     214     276     438     105    1050
   1         1316     267     324     568     103    1185
   1         1437     250     349     780      86    1480
   1         1324     287     269     432     104     735
   1         1420     245     339     675     105    1450
   1         1439     245     252     525     102    1290
   1         1406     261     251     505     106    1295
   1         1483     217     298     520     108    1045
   1         1386     227     315     722     101    1045
   1         1410     230     332     575     125    1510
   1         1412     232     243     500     117    1280
   1         1375     241     276     560     115    1320
   1         1475     239     369     540     125    1150
   1         1438     238     364     750     120    1547
   1         1363     270     291     730     128    1310
   1         1430     272     314     620     107    1280
   1         1383     262     340     660     113    1130
   1         1419     248     393     870     123    1680
   1         1364     256     303     510      96     845
   1         1406     228     317     565     109     780
   1         1293     265     241     450     103     770
   1         1371     236     288     380     111    1035
   1         1285     252     237     393     109    1015
   1         1350     261     261     352     112     845
   1         1305     322     268     358     113     830
   1         1339     262     294     480      92    1195
   1         1330     214     219     395     102    1285
   1         1387     280     297     450     125     915
   1         1402     221     233     470     104    1035
   1         1373     270     325     570     119    1285
   1         1358     236     319     690     109    1515
   1         1368     236     269     384     123     990
   1         1376     270     274     540     125    1235
   1         1351     265     253     420     110    1095
   1         1348     241     298     510     104     920
   1         1328     284     268     460     109     880
   1         1305     255     243     425     112    1105
   1         1307     210     264     370     118    1020
   1         1422     251     304     510      89     760
   1         1356     231     329     613      95     795
   1         1341     212     268     428      91    1035
   1         1388     259     356     543      88    1095
   1         1324     229     263     436      82     680
   1         1305     210     300     504      88     885
   1         1421     244     265     524      87    1080
   1         1438     228     317     490     104    1065
   1         1390     212     339     610      91     985
   1         1410     240     292     620     107    1060
   1         1394     227     354     890     112    1260
   1         1305     204     327     720     112    1150
   1         1383     260     299     560     124    1265
   1         1382     242     374     705     101    1190
   1         1377     268     279     630     113    1375
   1         1374     225     290     585      92    1060
   1         1356     246     278     625      98    1120
   1         1422     230     300     638      94     970
   1         1329     268     323     600     107    1270
   1         1372     250     367     680      89    1285
   2         1237     136      57     195     105     520
   2         1233     228     109     327     125     680
   2         1264     202     141     575      98     450
   2         1367     192     179     380     123     630
   2         1237     216     310     445     122     420
   2         1217     253     175     295     145     355
   2         1237     256     265     460     119     678
   2         1311     170     318     530     112     502
   2         1237     192     200     468     112     510
   2         1334     236     130     317     102     750
   2         1221     175     128     285     128     718
   2         1229     221     102     305      91     870
   2         1386     267     286     338     136     410
   2         1349     224     184     374      98     472
   2         1299     260     289     335     131     985
   2         1196     230     214     321      99     886
   2         1166     192     157     380     123     428
   2         1303     171     203     460     119     392
   2         1184     223     132     265      96     500
   2         1233     195     185     340     106     750
   2         1270     240     255     257     119     463
   2         1200     200     226     250     138     278
   2         1272     220     253     390     116     714
   2         1208     251     158     220     131     630
   2         1305     232     159     480      84     515
   2         1184     258     221     305      79     520
   2         1267     224     194     262     123     450
   2         1216     231     169     245     133     495
   2         1165     262     161     260     136     562
   2         1164     246     169     280     100     680
   2         1208     230     159     174     107     625
   2         1208     232     150     240     108     480
   2         1200     242     125     360     105     450
   2         1269     226     146     305      96     495
   2         1229     222     225     215     115     290
   2         1162     228     226     325     116     345
   2         1247     220     227     260     116     937
   2         1181     274      99     250      95     625
   2         1229     198     250     290     123     428
   2         1237     210     375     450     104     660
   2         1229     221     299     230     142     406
   2         1208     170     217     330     127     710
   2         1260     190     136     245     104     562
   2         1234     246     211     280      80     438
   2         1182     188     164     206      94     415
   2         1251     198     192     294     104     672
   2         1242     227     184     270      86     315
   2         1225     212     203     340     100     510
   2         1272     228     176     330      88     488
   2         1222     194     204     270      86     312
   2         1161     270     292     265      96     680
   2         1146     182     258     290      75     562
   2         1252     217     227     200      90     325
   2         1176     292     203     380     123     607
   2         1141     250     201     308     110     434
   2         1208     250     229     290      93     385
   2         1103     220     217     190     171     407
   2         1182     199     160     195      95     495
   2         1242     219     209     206     106     345
   2         1277     198     125     340      70     372
   2         1200     200     164     128      93     564
   2         1145     242     279     325      80     625
   2         1156     323     508     600      93     465
   2         1242     273     213     208      92     365
   2         1305     213     265     260      73     380
   2         1187     239     303     280      75     380
   2         1207     217     265     276      86     378
   2         1243     229     315     394      69     352
   2         1179     278     224     300      97     466
   2         1237     230     245     212      89     342
   2         1204     238     175     260      79     580
   3         1286     232     125     410      76     630
   3         1288     240     122     540      74     530
   3         1281     240     109     570      66     560
   3         1270     236     120     500      78     600
   3         1251     225      58     545      75     650
   3         1260     220      66     710      73     695
   3         1225     254      47     385      75     720
   3         1253     264      60     500      82     515
   3         1349     219      48     570      81     580
   3         1284     261      60     492      89     590
   3         1293     270      50     460      77     600
   3         1336     235      50     560      70     780
   3         1352     272      52     435      89     520
   3         1362     235      80     440      91     550
   3         1225     220      78     821      65     855
   3         1316     215      55     400      60     830
   3         1388     223      34     490      58     415
   3         1287     248      65     765      54     625
   3         1332     238      76     842      55     650
   3         1308     236     139     940      57     550
   3         1350     262     157     860      59     500
   3         1279     248     136    1080      48     480
   3         1311     275     128     710      61     425
   3         1323     228      83    1052      56     675
   3         1258     210      58     760      58     640
   3         1317     232      63     790      60     725
   3         1384     238      83     901      57     480
   3         1245     264      58     750      67     880
   3         1434     270     131    1300      57     660
   3         1348     264     110    1175      57     620
   3         1236     238      92     765      56     520
   3         1369     254      56     588      96     680
   3         1285     258      60     558      87     570
   3         1296     235      70     528      68     675
   3         1378     230      68     958      70     615
   3         1373     226      47     662      78     520
   3         1345     260      92    1068      85     695
   3         1282     230      66    1026      72     685
   3         1358     269      84     866      74     750
   3         1340     286      96     850      67     630
   3         1220     232      49     550      66     510
   3         1277     228      51     990      57     470
   3         1416     248      70     970      62     660
   3         1371     245      61     770      64     740
   3         1340     248      75     730      70     750
   3         1327     226      69    1020      59     835
   3         1317     237      68     930      60     840
   3         1413     274      76     920      61     560
